Matriks U tidak ditampilkan karena sangat panjang.

Matriks Sigma:
[[389.030, 0.000, 0.000, 0.000],
 [0.000, 166.787, 0.000, 0.000],
 [0.000, 0.000, 21.084, 0.000],
 [0.000, 0.000, 0.000, 0.000],
 [0.000, 0.000, 0.000, 0.000],
 [0.000, 0.000, 0.000, 0.000],
 [0.000, 0.000, 0.000, 0.000],
 [0.000, 0.000, 0.000, 0.000],
 [0.000, 0.000, 0.000, 0.000],
 [0.000, 0.000, 0.000, 0.000],
 [0.000, 0.000, 0.000, 0.000],
 [0.000, 0.000, 0.000, 0.000],
 [0.000, 0.000, 0.000, 0.000],
 [0.000, 0.000, 0.000, 0.000],
 [0.000, 0.000, 0.000, 0.000],
 [0.000, 0.000, 0.000, 0.000],
 [0.000, 0.000, 0.000, 0.000],
 [0.000, 0.000, 0.000, 0.000]]

Nilai Singular (Sigma):
[389.030, 166.787, 21.084, 0.000]

Matriks V Transpose:
[[-0.625, -0.568, -0.057, -0.532],
 [0.215, -0.550, 0.766, 0.253],
 [0.479, 0.202, 0.277, -0.808],
 [-0.577, 0.577, 0.577, 0.000]]

Nilai Entropy:
1.0754008175127296
