Matriks U tidak ditampilkan karena sangat panjang.

Matriks Sigma:
[[401.883, 0.000, 0.000, 0.000],
 [0.000, 147.904, 0.000, 0.000],
 [0.000, 0.000, 29.007, 0.000],
 [0.000, 0.000, 0.000, 0.000],
 [0.000, 0.000, 0.000, 0.000],
 [0.000, 0.000, 0.000, 0.000],
 [0.000, 0.000, 0.000, 0.000],
 [0.000, 0.000, 0.000, 0.000],
 [0.000, 0.000, 0.000, 0.000],
 [0.000, 0.000, 0.000, 0.000],
 [0.000, 0.000, 0.000, 0.000],
 [0.000, 0.000, 0.000, 0.000],
 [0.000, 0.000, 0.000, 0.000],
 [0.000, 0.000, 0.000, 0.000],
 [0.000, 0.000, 0.000, 0.000],
 [0.000, 0.000, 0.000, 0.000],
 [0.000, 0.000, 0.000, 0.000],
 [0.000, 0.000, 0.000, 0.000],
 [0.000, 0.000, 0.000, 0.000],
 [0.000, 0.000, 0.000, 0.000]]

Nilai Singular (Sigma):
[401.883, 147.904, 29.007, 0.000]

Matriks V Transpose:
[[-0.589, -0.534, -0.056, -0.604],
 [0.162, -0.581, 0.744, 0.287],
 [0.541, 0.209, 0.332, -0.743],
 [0.577, -0.577, -0.577, 0.000]]

Nilai Entropy:
1.0848475141859915
