Matriks U tidak ditampilkan karena sangat panjang.

Matriks Sigma:
[[342.468, 0.000, 0.000, 0.000],
 [0.000, 110.869, 0.000, 0.000],
 [0.000, 0.000, 20.192, 0.000],
 [0.000, 0.000, 0.000, 0.000],
 [0.000, 0.000, 0.000, 0.000],
 [0.000, 0.000, 0.000, 0.000],
 [0.000, 0.000, 0.000, 0.000],
 [0.000, 0.000, 0.000, 0.000],
 [0.000, 0.000, 0.000, 0.000],
 [0.000, 0.000, 0.000, 0.000],
 [0.000, 0.000, 0.000, 0.000],
 [0.000, 0.000, 0.000, 0.000],
 [0.000, 0.000, 0.000, 0.000],
 [0.000, 0.000, 0.000, 0.000],
 [0.000, 0.000, 0.000, 0.000],
 [0.000, 0.000, 0.000, 0.000],
 [0.000, 0.000, 0.000, 0.000],
 [0.000, 0.000, 0.000, 0.000]]

Nilai Singular (Sigma):
[342.468, 110.869, 20.192, 0.000]

Matriks V Transpose:
[[-0.586, -0.553, -0.033, -0.591],
 [0.203, -0.555, 0.758, 0.276],
 [-0.531, -0.230, -0.301, 0.758],
 [-0.577, 0.577, 0.577, -0.000]]

Nilai Entropy:
1.022600142980327
