Matriks U tidak ditampilkan karena sangat panjang.

Matriks Sigma:
[[460.511, 0.000, 0.000, 0.000],
 [0.000, 184.581, 0.000, 0.000],
 [0.000, 0.000, 21.325, 0.000],
 [0.000, 0.000, 0.000, 5.559],
 [0.000, 0.000, 0.000, 0.000],
 [0.000, 0.000, 0.000, 0.000],
 [0.000, 0.000, 0.000, 0.000],
 [0.000, 0.000, 0.000, 0.000],
 [0.000, 0.000, 0.000, 0.000],
 [0.000, 0.000, 0.000, 0.000],
 [0.000, 0.000, 0.000, 0.000],
 [0.000, 0.000, 0.000, 0.000],
 [0.000, 0.000, 0.000, 0.000],
 [0.000, 0.000, 0.000, 0.000],
 [0.000, 0.000, 0.000, 0.000],
 [0.000, 0.000, 0.000, 0.000],
 [0.000, 0.000, 0.000, 0.000],
 [0.000, 0.000, 0.000, 0.000],
 [0.000, 0.000, 0.000, 0.000],
 [0.000, 0.000, 0.000, 0.000]]

Nilai Singular (Sigma):
[460.511, 184.581, 21.325, 5.559]

Matriks V Transpose:
[[-0.622, -0.580, -0.037, -0.524],
 [0.199, -0.550, 0.745, 0.320],
 [-0.504, -0.152, -0.316, 0.789],
 [-0.565, 0.581, 0.586, -0.014]]

Nilai Entropy:
1.1008596558886925
