Matriks U tidak ditampilkan karena sangat panjang.

Matriks Sigma:
[[394.559, 0.000, 0.000, 0.000],
 [0.000, 158.024, 0.000, 0.000],
 [0.000, 0.000, 26.644, 0.000],
 [0.000, 0.000, 0.000, 0.000],
 [0.000, 0.000, 0.000, 0.000],
 [0.000, 0.000, 0.000, 0.000],
 [0.000, 0.000, 0.000, 0.000],
 [0.000, 0.000, 0.000, 0.000],
 [0.000, 0.000, 0.000, 0.000],
 [0.000, 0.000, 0.000, 0.000],
 [0.000, 0.000, 0.000, 0.000],
 [0.000, 0.000, 0.000, 0.000],
 [0.000, 0.000, 0.000, 0.000],
 [0.000, 0.000, 0.000, 0.000],
 [0.000, 0.000, 0.000, 0.000],
 [0.000, 0.000, 0.000, 0.000],
 [0.000, 0.000, 0.000, 0.000],
 [0.000, 0.000, 0.000, 0.000],
 [0.000, 0.000, 0.000, 0.000],
 [0.000, 0.000, 0.000, 0.000]]

Nilai Singular (Sigma):
[394.559, 158.024, 26.644, 0.000]

Matriks V Transpose:
[[-0.585, -0.538, -0.047, -0.605],
 [0.169, -0.576, 0.745, 0.292],
 [-0.544, -0.213, -0.331, 0.741],
 [-0.577, 0.577, 0.577, 0.000]]

Nilai Entropy:
1.0928965837914717
